,AaronPressman,AlanCrosby,AlexanderSmith,BenjaminKangLim,BernardHickey,BradDorfman,DarrenSchuettler,DavidLawder,EdnaFernandes,EricAuchard,FumikoFujisaki,GrahamEarnshaw,HeatherScoffield,JanLopatka,JaneMacartney,JimGilchrist,JoWinterbottom,JoeOrtiz,JohnMastrini,JonathanBirt,KarlPenhaul,KeithWeir,KevinDrawbaugh,KevinMorrison,KirstinRidley,KouroshKarimkhany,LydiaZajc,LynneO'Donnell,LynnleyBrowning,MarcelMichelson,MarkBendeich,MartinWolk,MatthewBunce,MichaelConnor,MureDickie,NickLouth,PatriciaCommins,PeterHumphrey,PierreTran,RobinSidel,RogerFillion,SamuelPerry,SarahDavison,ScottHillis,SimonCowell,TanEeLyn,TheresePoletti,TimFarrand,ToddNissen,WilliamKazer
,86,0,1,0,0,0,1,0,0,0,0,1,0,0,0,1,0,0,1,0,0,0,0,0,3,0,0,0,0,0,0,0,0,0,0,0,0,0,0,0,2,0,1,0,0,0,3,0,0,0
,0,93,0,0,0,0,1,0,0,0,0,0,0,1,0,1,0,0,2,0,0,1,0,0,0,0,0,0,0,0,0,0,0,0,0,0,0,0,0,0,0,0,1,0,0,0,0,0,0,0
,0,0,84,0,0,0,0,0,0,1,0,0,0,0,0,1,1,6,0,0,0,1,0,0,0,0,0,0,0,0,0,0,0,0,0,0,0,0,1,0,0,0,1,0,1,0,0,3,0,0
,0,0,0,61,0,0,0,0,0,0,1,0,0,0,11,0,0,0,0,0,0,0,0,0,0,0,0,2,0,0,0,0,0,0,5,0,0,3,0,0,0,0,1,11,0,0,0,0,0,5
,0,0,0,0,68,0,0,0,0,0,0,0,0,0,0,3,1,0,0,0,0,1,0,19,0,0,0,0,0,0,5,0,0,0,0,2,0,0,0,0,0,0,1,0,0,0,0,0,0,0
,0,0,1,0,0,75,0,7,0,4,0,0,0,0,0,2,0,0,0,0,0,0,1,0,0,0,0,0,0,0,0,0,0,0,0,3,0,0,0,1,0,0,2,0,0,0,3,0,1,0
,0,0,0,0,0,0,93,0,0,0,0,0,2,0,0,1,0,0,0,0,0,0,0,0,0,0,2,0,0,0,0,0,0,0,0,0,0,0,0,0,0,0,1,0,0,0,0,0,1,0
,0,0,0,0,0,3,0,81,0,0,0,0,0,0,0,1,0,0,0,0,0,0,2,0,0,0,0,0,0,0,0,0,0,0,0,1,1,0,0,0,0,0,0,0,0,0,0,0,11,0
,0,0,4,0,0,0,0,0,81,0,0,0,0,0,0,3,0,0,0,2,0,1,0,0,4,0,0,0,0,0,0,0,0,0,0,0,0,0,3,0,0,0,0,0,0,0,0,2,0,0
,0,0,0,0,0,0,0,0,0,82,0,0,0,0,0,0,0,0,0,0,0,0,0,0,0,3,0,0,0,0,0,0,0,0,0,4,0,0,0,0,1,0,0,0,0,0,10,0,0,0
,0,0,0,0,0,0,0,0,0,0,98,0,0,0,0,1,0,0,0,0,0,0,0,0,0,0,0,0,0,0,0,0,0,0,0,0,0,0,0,0,0,0,1,0,0,0,0,0,0,0
,1,0,1,1,0,1,0,0,0,0,0,69,0,0,2,1,0,0,0,0,0,0,0,0,1,0,0,1,0,0,0,0,0,0,2,0,0,0,0,0,0,0,17,0,0,1,0,0,0,2
,0,0,0,1,0,0,4,0,0,1,0,0,90,0,0,1,0,0,0,0,0,0,0,1,0,0,0,0,0,0,0,0,1,0,0,0,0,0,0,0,0,0,1,0,0,0,0,0,0,0
,0,2,0,0,0,0,0,0,0,0,0,0,0,84,0,3,0,0,11,0,0,0,0,0,0,0,0,0,0,0,0,0,0,0,0,0,0,0,0,0,0,0,0,0,0,0,0,0,0,0
,0,0,0,11,0,0,0,0,0,0,0,1,0,0,63,0,0,0,0,0,0,0,0,0,0,0,0,2,0,0,0,0,0,0,6,0,0,3,0,0,0,0,2,5,0,0,0,0,0,7
,0,0,0,0,0,0,0,0,0,0,0,0,0,0,0,100,0,0,0,0,0,0,0,0,0,0,0,0,0,0,0,0,0,0,0,0,0,0,0,0,0,0,0,0,0,0,0,0,0,0
,0,0,2,0,0,0,0,0,0,0,0,0,0,0,0,1,94,0,0,0,0,0,0,0,2,0,0,0,0,0,0,0,0,0,0,0,0,0,0,0,0,0,0,0,0,0,0,1,0,0
,0,0,17,0,0,0,1,0,0,0,0,0,0,0,0,0,0,79,0,0,0,0,0,0,1,0,0,0,0,0,0,0,0,0,0,0,0,0,0,0,0,0,0,0,1,0,0,1,0,0
,0,9,1,0,0,0,0,0,0,0,0,0,0,5,0,2,0,0,80,0,0,0,0,0,0,0,0,0,0,0,0,0,0,0,0,0,0,0,0,0,0,0,2,0,0,0,0,0,1,0
,0,0,1,0,0,0,0,1,3,0,0,0,0,0,0,3,1,0,0,84,0,1,0,0,1,0,0,0,1,0,0,0,0,0,0,0,0,0,0,0,0,0,0,0,0,0,0,4,0,0
,1,0,0,0,0,0,0,0,0,0,0,1,0,0,0,2,0,0,0,0,93,0,0,0,0,0,0,0,1,0,0,0,0,0,0,0,0,0,0,0,0,0,1,1,0,0,0,0,0,0
,0,0,2,0,0,0,0,0,0,0,0,0,0,0,0,0,0,0,0,0,0,83,0,0,11,0,0,0,0,0,0,0,0,0,0,3,0,0,0,0,0,0,0,0,1,0,0,0,0,0
,0,0,0,0,0,1,1,1,0,6,0,0,0,0,0,1,1,0,0,0,1,0,70,0,0,0,0,0,0,0,0,0,0,0,0,3,0,0,0,1,0,0,3,0,0,0,8,0,3,0
,0,0,0,0,5,0,0,0,0,0,0,0,0,0,0,6,0,0,0,0,0,0,0,85,1,0,0,0,0,0,2,0,0,0,0,0,0,0,0,0,0,0,0,0,0,0,1,0,0,0
,0,0,2,0,0,0,0,0,0,0,0,0,0,0,0,1,2,0,0,0,0,2,0,0,85,1,0,0,0,0,0,0,0,0,0,3,0,0,0,0,0,1,0,1,0,0,0,2,0,0
,0,0,0,0,0,0,0,0,0,3,0,0,0,0,0,0,0,0,0,0,0,0,0,0,0,84,0,0,0,0,0,0,0,0,0,1,0,0,0,0,0,6,0,0,0,0,6,0,0,0
,0,0,0,0,0,0,5,0,0,3,0,0,0,0,0,3,0,0,0,0,0,1,0,0,0,1,75,0,0,0,0,2,0,0,0,1,0,0,0,0,0,0,8,0,0,0,1,0,0,0
,0,0,0,1,0,0,0,0,0,0,0,0,0,0,5,0,0,0,0,0,0,0,0,0,0,0,0,90,0,0,0,0,0,0,1,0,0,1,0,0,0,0,1,0,0,0,0,0,1,0
,0,0,0,0,0,0,0,0,0,0,0,0,0,0,0,1,0,0,0,0,0,0,0,0,0,0,0,0,98,1,0,0,0,0,0,0,0,0,0,0,0,0,0,0,0,0,0,0,0,0
,1,0,0,0,0,0,0,0,0,0,0,1,0,0,0,2,0,0,0,0,0,0,0,0,5,0,0,0,1,86,0,0,0,0,0,1,0,0,2,0,0,0,0,0,0,0,1,0,0,0
,0,0,0,0,2,0,0,0,0,1,0,0,0,0,2,1,0,0,0,0,0,1,0,9,1,0,0,0,0,0,79,0,1,0,0,0,0,0,2,0,0,0,1,0,0,0,0,0,0,0
,0,0,0,0,0,0,0,1,0,3,0,0,0,0,0,0,0,0,0,1,0,2,0,0,0,3,0,0,2,0,0,71,0,0,0,0,0,0,1,0,1,2,0,0,0,0,12,0,1,0
,0,0,0,0,0,0,0,0,0,0,0,0,0,0,0,2,0,0,0,0,0,0,0,0,0,0,0,0,0,0,0,0,98,0,0,0,0,0,0,0,0,0,0,0,0,0,0,0,0,0
,0,0,1,0,1,0,0,1,0,1,0,0,0,0,0,1,0,0,1,0,0,0,0,1,1,0,0,0,0,0,0,1,0,86,0,0,1,0,0,3,0,0,1,0,0,0,0,0,0,0
,0,0,0,9,0,0,0,0,0,0,0,2,0,0,11,0,0,0,0,0,0,0,0,0,0,0,0,5,0,0,1,0,0,0,51,0,0,3,0,0,0,0,4,7,0,1,2,0,0,4
,1,0,0,0,0,0,0,0,0,2,0,0,0,0,0,1,0,0,0,0,0,0,0,0,2,0,0,0,0,0,0,0,0,0,0,92,0,0,0,0,2,0,0,0,0,0,0,0,0,0
,0,0,0,0,0,0,1,0,0,1,0,0,1,0,0,2,2,0,0,0,0,0,2,0,0,0,0,1,0,0,0,1,0,0,0,4,75,0,0,0,0,0,1,0,0,0,1,2,6,0
,0,0,0,1,0,0,0,0,0,0,0,1,0,0,2,2,0,0,0,0,0,0,0,0,0,0,0,0,0,0,0,0,0,0,3,0,0,76,0,0,0,0,6,1,0,8,0,0,0,0
,0,0,1,0,0,0,0,0,1,0,0,0,0,0,0,0,0,1,0,0,0,0,0,0,0,0,0,0,0,4,0,2,0,0,0,0,0,0,90,0,0,0,0,0,0,0,0,0,1,0
,0,0,1,0,0,0,0,1,0,1,0,0,0,0,0,0,0,0,0,0,0,0,2,0,1,0,0,0,0,0,0,0,0,0,0,1,1,0,2,89,0,1,0,0,0,0,0,0,0,0
,1,0,0,0,0,0,0,0,0,2,0,0,0,0,0,0,0,0,0,0,0,0,0,0,0,0,0,0,0,0,0,0,0,1,0,0,0,0,0,0,96,0,0,0,0,0,0,0,0,0
,2,0,0,0,0,0,1,0,0,5,0,0,0,0,0,0,0,0,0,0,0,0,0,0,0,5,0,0,0,0,0,2,0,0,0,0,0,0,0,0,0,60,0,0,0,0,25,0,0,0
,0,0,1,0,0,0,0,0,0,0,0,1,0,0,0,2,0,0,0,0,0,0,0,0,0,0,0,0,1,0,0,0,0,0,0,0,0,5,0,0,0,0,82,1,0,5,0,0,0,2
,0,2,0,11,0,0,0,0,0,0,0,0,0,0,15,3,0,0,0,0,1,0,0,0,0,0,0,1,0,0,0,0,0,0,9,0,0,2,0,0,0,0,2,45,0,1,0,0,0,8
,1,0,6,0,0,0,0,0,0,0,0,0,0,0,0,0,1,5,0,0,0,0,0,0,1,0,0,0,0,0,0,0,0,0,0,0,0,0,0,0,0,0,1,0,84,0,0,1,0,0
,0,0,0,0,0,0,0,0,0,0,0,1,0,0,4,5,0,0,0,0,0,0,0,0,1,0,0,1,0,0,0,0,0,0,1,0,0,24,0,0,0,0,10,0,0,53,0,0,0,0
,1,0,0,0,0,0,0,0,0,5,0,0,0,0,0,0,0,0,0,0,0,0,0,0,0,0,0,0,0,0,0,0,0,0,0,0,0,0,0,0,0,3,0,0,0,0,90,0,1,0
,0,0,0,0,0,0,0,0,0,0,0,0,0,0,0,3,2,0,0,0,0,0,0,0,2,0,0,0,0,1,0,0,0,0,0,2,0,0,0,0,0,0,2,0,1,0,0,87,0,0
,0,0,0,0,0,2,0,9,0,0,0,0,0,0,0,0,0,0,0,0,0,0,0,0,0,0,0,0,0,0,0,0,0,0,0,0,0,0,0,1,0,1,1,0,0,0,1,0,85,0
,0,0,0,6,0,0,0,0,0,0,0,7,0,0,8,2,0,0,0,0,0,0,0,0,0,0,0,4,0,0,0,0,0,0,10,0,0,3,0,0,0,0,8,5,0,0,0,0,0,47
